100408
101006
101915
102008
102311
102614
103111
103212
103818
104012
106319
106824
107321
107422
108222
108525
109123
110007
110613
111211
111312
112516
112920
113316
114318
114823
115017
115219
117021
118124
118225
118730
118831
118932
120111
120212
120414
120717
121416
121618
122317
122620
122822
123723
123824
125222
127832
130316
130720
133625
134021
134425
135225
135528
135730
136227
136732
136833
137229
137532
137936
138231
138534
138837
139233
139435
139637
139839
142828
143224
144125
146533
146735
147636
147737
148133
149842
150726
151223
151627
151728
151930
152831
153126
153227
153429
153833
154229
154330
154532
154936
155938
156233
156435
156637
157336
157942
158136
158540
159239
159744
161832
162733
163331
163432
164030
164939
165436
165638
166438
167238
168745
169949
170631
171330
171532
171633
172029
172534
173334
173435
173536
174437
174841
175035
175439
176542
176845
178142
178243
178748
178849
178950
179346
180129
180432
180735
180937
182436
183034
185139
185442
186141
187143
187345
188145
188549
188751
189652
190031
191841
191942
192035
192136
192540
192641
194443
194645
195041
195445
196144
197550
198249
198451
198653
199150
200008
200311
200614
201414
201515
204319
205119
205220
205826
206323
206525
209329
210011
210112
210415
211316
211417
211619
211720
211922
212015
212116
214221
214423
214524
217126
217429
219231
220721
227432
228434
231928
233326
239944
245333
250932
257542
268749
268850
270332
274542
280739
281135
285345
286347
286650
290136
293748
295146
298051
300618
300719
303119
304020
304727
308331
309636
310621
311320
314225
316633
321323
336841
339847
346137
348545
349244
352132
358144
361941
366446
368753
376247
378756
378857
381038
382242
389357
392750
395251
395756
406836
424939
433839
436239
436845
445543
453441
456346
461743
463040
465852
481042
481951
486759
499566
506234
513130
516742
517239
518746
519950
520228
529953
536647
541943
552241
552544
553344
555651
562345
567052
571144
572045
579665
580650
580751
581349
585256
585862
589567
592455
599671
613538
616645
618952
622236
623844
626648
628248
634748
635245
654754
656253
657659
662551
664757
672756
677766
679568
680452
686969
687163
692964
695768
720337
723141
727553
729557
734045
737960
742549
749058
753150
753251
756055
757764
769064
774663
825553
826454
828862
832651
833148
833249
835657
837560
837964
843151
849264
856968
857263
867468
870861
871762
872562
872764
877269
878877
880157
888678
889579
894067
901139
901442
902242
908860
910443
911849
917255
926862
932554
933253
951457
952863
955465
958976
962058
966975
984472
987983
989987
990366
993675
